0 0
1 4
2 3
3 6
4 5
5 6
6 6
7 6
8 5
9 6
10 6
11 6
12 5
13 6
14 6
15 6
16 5
17 6
18 6
19 6
20 5
21 6
22 6
23 6
24 5
25 6
26 6
27 6
28 5
29 6
30 6
31 6
32 5
33 6
34 6
35 6
36 5
37 6
38 6
39 6
40 5
41 6
42 6
43 6
44 5
45 6
46 6
47 6
48 5
49 6
50 6
51 6
52 5
53 6
54 6
55 6
56 5
57 6
58 6
59 6
60 5
61 6
62 6
63 6
64 5
65 6
66 6
67 6
68 5
69 6
70 6
71 6
72 5
73 6
74 6
75 6
76 5
77 6
78 6
79 6
80 5
81 6
82 6
83 6
84 5
85 6
86 6
87 6
88 5
89 6
90 6
91 6
92 5
93 6
94 6
95 6
96 5
97 5
98 5
99 5
100 4
101 4
102 3
103 2
104 2
105 2
106 1
107 0
108 0
109 0
110 0
111 0
112 1
113 2
114 2
115 6
116 5
117 6
118 6
119 6
120 5
121 6
122 6
123 6
124 5
125 4
126 3
127 2
128 1
129 0
