0 0
1 4
2 4
3 6
4 6
5 5
6 6
7 6
8 6
9 5
10 5
11 5
12 5
13 5
14 4
15 4
16 4
17 4
18 4
19 3
20 3
21 3
22 3
23 3
24 2
25 2
26 2
27 2
28 1
29 1
30 0
31 1
32 2
33 3
34 4
35 4
36 5
37 5
38 5
39 4
40 5
41 6
42 5
43 5
44 5
45 5
46 5
47 4
48 5
49 5
50 5
51 4
52 4
53 4
54 4
55 4
56 3
57 3
58 3
59 3
60 3
61 2
62 2
63 2
64 2
65 2
66 1
67 1
68 1
69 1
70 1
71 0
72 1
73 3
74 4
75 4
76 5
77 5
78 5
79 4
80 4
81 4
82 4
83 4
84 3
85 3
86 3
87 4
88 3
89 3
90 2
91 1
92 1
93 0
94 0
95 0
96 0
97 0
98 0
99 0
100 0
101 0
102 0
103 0
104 0
105 0
106 0
107 0
108 0
109 0
110 0
111 0
112 0
113 0
114 1
115 1
116 1
117 2
118 2
119 6
120 6
121 5
122 6
123 6
124 6
125 5
126 6
127 6
128 6
129 5
130 5
131 5
132 6
133 5
134 6
135 6
136 6
137 5
138 6
139 6
140 6
141 5
142 6
143 6
144 6
145 5
146 5
147 6
148 6
149 5
150 6
151 6
152 6
153 5
154 5
155 5
156 5
157 5
158 4
159 4
160 4
161 4
162 4
163 3
164 3
165 3
166 4
167 3
168 3
169 3
170 3
171 3
172 2
173 2
174 1
175 3
176 2
177 2
178 1
179 1
180 1
181 1
182 0
183 1
184 2
185 3
186 4
187 4
188 4
189 4
190 5
191 4
192 4
193 4
194 4
195 4
196 3
197 3
198 2
199 1
200 0
201 1
202 2
203 3
204 3
205 6
206 6
207 6
208 5
209 6
210 6
211 6
212 5
213 6
214 6
215 6
216 5
217 6
218 6
219 6
220 5
221 5
222 5
223 4
224 3
225 2
226 2
227 2
228 1
229 1
230 2
231 2
232 1
233 1
234 0
235 0
236 0
237 1
238 3
239 3
240 6
241 6
242 6
243 5
244 6
245 6
246 6
247 5
248 6
249 6
250 6
251 5
252 5
253 5
254 5
255 4
256 3
257 2
258 1
259 0
260 1
261 1
262 2
263 3
264 5
265 5
266 6
267 6
268 6
269 5
270 5
271 5
272 5
273 5
274 4
275 4
276 4
277 4
278 4
279 3
280 3
281 3
282 4
283 3
284 4
285 5
286 4
287 5
288 6
289 5
290 5
291 6
292 6
293 5
294 6
295 6
296 6
297 5
298 5
299 5
300 6
301 5
302 6
303 6
304 6
305 5
306 5
307 6
308 6
309 5
310 6
311 6
312 6
313 5
314 6
315 6
316 6
317 5
318 6
319 6
320 6
321 5
322 5
323 5
324 6
325 5
326 6
327 6
328 6
329 5
330 6
331 6
332 6
333 5
334 6
335 6
336 6
337 5
338 4
339 4
340 5
341 5
342 4
343 5
344 6
345 5
346 6
347 6
348 6
349 5
350 4
351 4
352 4
353 4
354 4
355 3
356 3
357 2
358 1
359 1
360 0
361 1
362 1
363 1
364 1
365 1
366 1
367 1
368 1
369 1
370 2
371 2
372 4
373 6
374 5
375 4
376 4
377 3
378 3
379 2
380 2
381 2
382 1
383 2
384 2
385 1
386 0
387 1
388 1
389 4
390 5
391 4
392 5
393 6
394 5
395 5
396 5
397 5
398 5
399 4
400 4
401 5
402 5
403 4
404 5
405 5
406 5
407 4
408 5
409 6
410 5
411 6
412 6
413 6
414 5
415 6
416 6
417 6
418 5
419 5
420 5
421 5
422 4
423 3
424 3
425 2
426 1
427 1
428 1
429 1
430 0
431 0
432 0
433 0
434 0
435 0
436 0
437 0
438 0
439 0
440 0
441 0
442 1
443 1
444 4
445 5
446 4
447 4
448 4
449 3
450 3
451 2
452 1
453 1
454 0
455 0
456 1
457 1
458 1
459 1
460 1
461 2
462 3
463 4
464 4
465 4
466 4
467 4
468 4
469 3
470 2
471 1
472 0
473 0
474 0
475 0
476 0
477 0
478 0
479 0
480 0
481 0
482 0
483 0
484 0
485 1
486 1
487 1
488 1
489 1
490 1
491 1
492 2
493 3
494 4
495 4
496 5
497 6
498 5
499 6
500 6
501 6
502 5
503 5
504 5
505 6
506 5
507 5
508 4
509 4
510 4
511 4
512 3
513 3
514 3
515 2
516 2
517 2
518 1
519 1
520 1
521 1
522 0
523 0
524 0
525 1
526 1
527 5
528 5
529 6
530 6
531 6
532 5
533 5
534 5
535 5
536 5
537 4
538 5
539 5
540 5
541 4
542 5
543 5
544 5
545 4
546 4
547 4
548 3
549 2
550 2
551 2
552 1
553 1
554 1
555 0
556 1
557 1
558 1
559 1
560 2
561 2
562 6
563 6
564 5
