0 3
2 3
5 3
9 3
14 3
19 3
24 3
30 3
35 3
39 3
42 3
47 3
51 3
56 3
61 3
66 3
71 3
75 3
79 3
84 3
88 3
118 3
121 3
125 3
129 3
133 3
137 3
141 3
145 3
149 3
153 3
158 3
163 3
167 3
172 3
176 3
182 3
187 3
191 3
196 3
204 3
208 3
212 3
216 3
220 3
228 3
232 3
239 3
243 3
247 3
251 3
261 3
265 3
269 3
274 3
279 3
283 3
286 3
289 3
293 3
297 3
301 3
305 3
309 3
313 3
317 3
321 3
325 3
329 3
333 3
337 3
342 3
345 3
349 3
355 3
371 3
374 3
382 3
388 3
391 3
394 3
399 3
403 3
407 3
410 3
414 3
418 3
425 2
443 3
446 3
454 2
464 2
469 3
495 0
498 3
502 3
506 3
512 3
518 3
526 3
528 3
532 3
537 3
541 3
545 3
552 3
561 3
564 3
