7 0
8 0
9 0
10 0
11 0
12 0
13 0
14 0
15 1
16 1
17 1
18 1
19 2
20 2
21 2
22 2
23 3
24 3
25 3
26 3
27 3
28 3
29 3
30 3
36 3
37 3
38 3
39 3
40 3
41 3
42 3
43 3
44 3
45 3
46 3
47 3
48 3
49 3
50 3
51 3
52 3
53 3
54 3
55 3
56 3
57 3
58 3
59 3
60 3
61 3
62 3
63 3
64 3
65 3
66 3
67 3
68 3
69 3
70 3
71 3
76 3
77 3
78 3
79 3
80 3
81 3
82 3
83 3
84 3
85 3
86 3
87 3
88 3
89 3
90 3
91 3
92 3
93 3
121 3
122 3
123 3
124 3
125 3
126 3
127 3
128 3
129 3
130 3
131 0
132 0
133 0
134 0
135 1
136 1
137 1
138 1
139 2
140 2
141 2
142 2
143 3
144 3
145 3
146 3
147 3
148 3
149 3
150 3
151 3
152 3
153 3
154 3
155 3
156 3
157 3
158 3
159 3
160 3
161 3
162 3
163 3
164 3
165 3
166 3
167 3
168 3
169 3
170 3
171 3
172 3
173 3
174 3
175 3
176 3
177 3
178 3
179 3
180 3
181 3
182 3
188 3
189 3
190 3
191 3
192 3
193 3
194 3
195 3
196 3
197 3
198 3
199 3
200 3
207 3
208 3
209 3
210 3
211 3
212 3
213 3
214 3
215 3
216 3
217 3
218 0
219 0
220 0
221 0
222 1
223 1
224 1
225 1
226 2
227 2
228 2
229 2
230 3
231 3
232 3
233 3
234 3
242 3
243 3
244 3
245 3
246 3
247 3
248 3
249 3
250 3
251 3
252 3
253 0
254 0
255 0
256 0
257 1
258 1
259 1
266 1
267 2
268 2
269 2
270 2
271 3
272 3
273 3
274 3
275 0
276 0
277 0
278 0
279 1
280 1
281 1
282 1
283 2
284 2
285 2
286 2
287 3
288 3
289 3
290 3
291 3
292 3
293 3
294 3
295 3
296 3
297 3
298 3
299 3
300 3
301 3
302 3
303 3
304 3
305 3
306 3
307 3
308 3
309 3
310 3
311 3
312 3
313 3
314 3
315 3
316 3
317 3
318 3
319 3
320 3
321 3
322 3
323 3
324 3
325 3
326 3
327 3
328 3
329 3
330 3
331 3
332 3
333 3
334 3
335 3
336 3
337 3
338 3
339 3
340 3
341 3
342 3
343 3
344 3
345 3
346 3
347 3
348 3
349 3
350 3
351 3
352 3
353 3
354 3
355 3
356 3
357 3
358 3
359 3
360 3
374 3
375 3
376 3
377 3
378 3
379 3
380 3
381 3
382 3
383 3
384 0
385 0
386 0
391 0
392 1
393 1
394 1
395 1
396 2
397 2
398 2
399 2
400 0
401 0
402 0
403 0
404 1
405 1
406 1
407 1
408 2
409 2
410 2
411 2
412 3
413 3
414 3
415 3
416 3
417 3
418 3
419 3
420 3
421 3
422 3
423 3
424 3
425 3
426 3
427 3
428 3
429 3
430 3
446 3
447 3
448 3
449 3
450 3
451 2
452 2
453 2
454 2
465 0
466 0
467 0
468 0
469 1
470 1
471 1
472 1
496 2
497 2
498 2
499 2
500 2
501 2
502 2
503 2
504 3
505 3
506 3
507 3
508 1
509 1
510 1
511 1
512 2
513 2
514 2
515 2
516 3
517 3
518 3
519 3
520 3
521 3
522 3
529 3
530 3
531 3
532 3
533 3
534 3
535 3
536 3
537 3
538 0
539 0
540 0
541 0
542 1
543 1
544 1
545 1
546 2
547 2
548 2
549 2
550 3
551 3
552 3
553 3
554 3
555 3
564 3
